Iteration	CPUTime	PhysTime	Travels	Value	AvValue	MinValue	MaxValue	Delta	Criteria	Progress	dGMaxMin	CriteriaType	CriteriaVarType	CriteriaPercentage
1	1	0	0.0187338658	-293.795649	-293.795649	-293.795649	-293.795649	0	0	0	0	0	0	0	3
2	1	0	0.0374677315	-39.4454241	-166.620537	-293.795649	-39.4454241	127.175113	0	0	0	0	0	0	3
3	1	0	0.0562015973	-34.698794	-122.646622	-293.795649	-34.698794	171.149027	0	0	0	0	0	0	3
4	1	0	0.074935463	-33.4823094	-100.355544	-293.795649	-33.4823094	193.440105	0	0	0	0	0	0	3
5	2	0	0.0936693288	-11.0091996	-82.4862752	-293.795649	-11.0091996	211.309374	0	0	0	0	0	0	3
6	2	0	0.112403195	-22.29714	-72.4547527	-293.795649	-11.0091996	221.340896	0	0	0	0	0	0	3
7	2	0	0.13113706	-12.9652418	-63.9562511	-293.795649	-11.0091996	229.839398	0	0	0	0	0	0	3
8	2	0	0.149870926	-17.197361	-58.1113899	-293.795649	-11.0091996	235.684259	0	0	0	0	0	0	3
9	2	0	0.168604792	-11.5781452	-52.9410294	-293.795649	-11.0091996	240.85462	0	0	0	0	0	0	3
10	2	0	0.187338658	-12.0144259	-48.848369	-293.795649	-11.0091996	244.94728	0	0	0	0	0	0	3
11	3	0	0.206072523	-9.46223441	-45.2678113	-293.795649	-9.46223441	248.527838	0	0	0	0	0	0	3
12	3	0	0.224806389	-5.58004418	-41.9604974	-293.795649	-5.58004418	251.835152	0	0	0	0	0	0	3
13	3	0	0.243540255	-5.44839627	-39.1518742	-293.795649	-5.44839627	254.643775	0	0	0	0	0	0	3
14	3	0	0.262274121	-4.24275366	-36.6583656	-293.795649	-4.24275366	257.137284	0	0	0	0	0	0	3
15	3	0	0.281007986	-3.3124464	-34.4353043	-293.795649	-3.3124464	259.360345	0	0	0	0	0	0	3
16	3	0	0.299741852	-3.16628783	-32.4809908	-293.795649	-3.16628783	261.314658	0	0	0	0	0	0	3
17	4	0	0.318475718	-3.38117949	-30.7692372	-293.795649	-3.16628783	263.026412	0	0	0	0	0	0	3
18	4	0	0.337209584	-4.33560991	-29.3007024	-293.795649	-3.16628783	264.494947	0	0	0	0	0	0	3
19	4	0	0.355943449	-5.11654695	-28.0278521	-293.795649	-3.16628783	265.767797	0	0	0	0	0	0	3
20	4	0	0.374677315	-5.34143793	-26.8935314	-293.795649	-3.16628783	266.902118	0	0	0	0	0	0	3
21	4	0	0.393411181	-6.3431764	-25.914943	-293.795649	-3.16628783	267.880706	0	0	0	0	0	0	3
22	5	0	0.412145047	-6.73052091	-25.0429238	-293.795649	-3.16628783	268.752725	0	0	0	0	0	0	3
23	5	0	0.430878912	-6.76258426	-24.2481265	-293.795649	-3.16628783	269.547523	0	0	0	0	0	0	3
24	5	0	0.449612778	-7.40577874	-23.546362	-293.795649	-3.16628783	270.249287	0	0	0	0	0	0	3
25	5	0	0.468346644	-6.82989463	-22.8777033	-293.795649	-3.16628783	270.917946	0	0	0	0	0	0	3
26	5	0	0.48708051	-6.25370349	-22.2383187	-293.795649	-3.16628783	271.557331	0	0	0	0	0	0	3
27	5	0	0.505814375	-5.77619745	-21.6286105	-293.795649	-3.16628783	272.167039	0	0	0	0	0	0	3
28	6	0	0.524548241	-6.59096863	-10.9914001	-39.4454241	-3.16628783	36.2791362	0	0	0	0	0	0	3
29	6	0	0.543282107	-5.65031822	-9.73972951	-34.698794	-3.16628783	31.5325061	0	0	0	0	0	0	3
30	6	0	0.562015973	-6.0925695	-8.68023971	-33.4823094	-3.16628783	30.3160215	0	0	0	0	0	0	3
31	6	0	0.580749839	-5.80777548	-7.65525698	-22.29714	-3.16628783	19.1308522	0	0	0	0	0	0	3
32	6	0	0.599483704	-5.22578335	-7.44105637	-22.29714	-3.16628783	19.1308522	0	0	0	0	0	0	3
33	7	0	0.61821757	-5.445678	-6.81692815	-17.197361	-3.16628783	14.0310732	0	0	0	0	0	0	3
34	7	0	0.636951436	-5.29732429	-6.53293121	-17.197361	-3.16628783	14.0310732	0	0	0	0	0	0	3
35	7	0	0.655685302	-4.97879186	-6.08039161	-12.0144259	-3.16628783	8.84813811	0	0	0	0	0	0	3
36	7	0	0.674419167	-5.15306516	-5.84242568	-12.0144259	-3.16628783	8.84813811	0	0	0	0	0	0	3
37	7	0	0.693153033	-5.08401365	-5.58574374	-9.46223441	-3.16628783	6.29594657	0	0	0	0	0	0	3
38	8	0	0.711886899	-4.99222436	-5.42018782	-7.40577874	-3.16628783	4.23949091	0	0	0	0	0	0	3
39	8	0	0.730620765	-4.68174541	-5.38691749	-7.40577874	-3.16628783	4.23949091	0	0	0	0	0	0	3
40	8	0	0.74935463	-4.72346286	-5.3600681	-7.40577874	-3.16628783	4.23949091	0	0	0	0	0	0	3
41	8	0	0.768088496	-4.50915849	-5.36993495	-7.40577874	-3.16628783	4.23949091	0	0	0	0	0	0	3
42	8	0	0.786822362	-4.51994024	-5.41465694	-7.40577874	-3.16628783	4.23949091	0	0	0	0	0	0	3
43	9	0	0.805556228	-4.32023627	-5.45739578	-7.40577874	-3.38117949	4.02459925	0	0	0	0	0	0	3
44	9	0	0.824290093	-4.18842222	-5.48729365	-7.40577874	-4.18842222	3.21735652	0	0	0	0	0	0	3
45	9	0	0.843023959	-4.10016769	-5.47857357	-7.40577874	-4.10016769	3.30561105	0	0	0	0	0	0	3
46	9	0	0.861757825	-4.16068208	-5.44317117	-7.40577874	-4.10016769	3.30561105	0	0	0	0	0	0	3
47	9	0	0.880491691	-3.82593831	-5.38704155	-7.40577874	-3.82593831	3.57984043	0	0	0	0	0	0	3
48	10	0	0.899225556	-3.89249562	-5.2962756	-7.40577874	-3.82593831	3.57984043	0	0	0	0	0	0	3
49	10	0	0.917959422	-4.04780505	-5.19691575	-7.40577874	-3.82593831	3.57984043	0	0	0	0	0	0	3
50	10	0	0.936693288	-4.03284166	-5.09581417	-7.40577874	-3.82593831	3.57984043	0	0	0	0	0	0	3
51	10	0	0.955427154	-3.96209317	-4.96827026	-6.82989463	-3.82593831	3.00395633	0	0	0	0	0	0	3
52	10	0	0.974161019	-3.92280861	-4.86060041	-6.59096863	-3.82593831	2.76503032	0	0	0	0	0	0	3
53	10	0	0.992894885	-3.76280038	-4.76834474	-6.59096863	-3.76280038	2.82816824	0	0	0	0	0	0	3
54	11	0	1.01162875	-3.81358094	-4.69565524	-6.59096863	-3.76280038	2.82816824	0.945975184	0	33.4	0	0	0	3
55	11	0	1.03036262	-3.72608806	-4.58954855	-6.0925695	-3.72608806	2.36648144	0.945975184	0	39.9	0	0	0	3
56	11	0	1.04909648	-3.70255658	-4.51740923	-6.0925695	-3.70255658	2.39001292	0.945975184	0	39.5	0	0	0	3
57	11	0	1.06783035	-3.91608834	-4.43679882	-5.80777548	-3.70255658	2.1052189	0.945975184	0	44.9	0	0	0	3
58	11	0	1.08656421	-3.78681815	-4.36194855	-5.445678	-3.70255658	1.74312142	0.945975184	0	54.2	0	0	0	3
59	12	0	1.10529808	-3.64318407	-4.30333376	-5.445678	-3.64318407	1.80249393	0.945975184	0	52.4	0	0	0	3
60	12	0	1.12403195	-3.72319213	-4.23953799	-5.29732429	-3.64318407	1.65414022	0.945975184	0	57.1	0	0	0	3
61	12	0	1.14276581	-3.67452425	-4.17943428	-5.15306516	-3.64318407	1.50988109	0.945975184	0	62.6	0	0	0	3
62	12	0	1.16149968	-3.7575075	-4.13420153	-5.15306516	-3.64318407	1.50988109	0.945975184	0	62.6	0	0	0	3
63	12	0	1.18023354	-3.73187734	-4.08156494	-5.08401365	-3.64318407	1.44082958	0.945975184	0	65.6	0	0	0	3
64	13	0	1.19896741	-3.71347359	-4.0308042	-4.99222436	-3.64318407	1.3490403	0.945975184	0	70.1	0	0	0	3
65	13	0	1.21770127	-3.54245144	-3.9771089	-4.72346286	-3.54245144	1.18101142	0.945975184	0	80	0	0	0	3
66	13	0	1.23643514	-3.71283945	-3.9412235	-4.72346286	-3.54245144	1.18101142	0.945975184	0	80	0	0	0	3
67	13	0	1.25516901	-3.67489323	-3.90238759	-4.51994024	-3.54245144	0.977488796	0.945975184	0	96.7	0	0	0	3
68	13	0	1.27390287	-3.51228297	-3.86546627	-4.51994024	-3.51228297	1.00765726	0.945975184	0	93.8	0	0	0	3
69	14	0	1.29263674	-3.59064388	-3.83104789	-4.32023627	-3.51228297	0.807953302	0.945975184	0	100	0	0	0	3
