Iteration	CPUTime	PhysTime	Travels	Value	AvValue	MinValue	MaxValue	Delta	Criteria	Progress	dGMaxMin	CriteriaType	CriteriaVarType	CriteriaPercentage
1	1	0	0.0187338658	293.2003	293.2003	293.2003	293.2003	0	0	0	0	0.146754	0	0	3
2	1	0	0.0374677315	293.200362	293.200331	293.2003	293.200362	3.11203886e-05	0	0	0	0.13473	0	0	3
3	1	0	0.0562015973	293.2004	293.200354	293.2003	293.2004	5.42804177e-05	0	0	0	0.13962	0	0	3
4	1	0	0.074935463	293.200428	293.200372	293.2003	293.200428	7.27136031e-05	0	0	0	0.135026	0	0	3
5	2	0	0.0936693288	293.200456	293.200389	293.2003	293.200456	8.94753579e-05	0	0	0	0.132388	0	0	3
6	2	0	0.112403195	293.200501	293.200408	293.2003	293.200501	0.000108176895	0	0	0	0.128718	0	0	3
7	2	0	0.13113706	293.200555	293.200429	293.2003	293.200555	0.000129206636	0	0	0	0.127812	0	0	3
8	2	0	0.149870926	293.200609	293.200451	293.2003	293.200609	0.000151712303	0	0	0	0.128518	0	0	3
9	2	0	0.168604792	293.200662	293.200475	293.2003	293.200662	0.000175097517	0	0	0	0.128706	0	0	3
10	2	0	0.187338658	293.200713	293.200499	293.2003	293.200713	0.000198945128	0	0	0	0.128324	0	0	3
11	3	0	0.206072523	293.200789	293.200525	293.2003	293.200789	0.000225351193	0	0	0	0.126964	0	0	3
12	3	0	0.224806389	293.200862	293.200553	293.2003	293.200862	0.000253452787	0	0	0	0.125073	0	0	3
13	3	0	0.243540255	293.200933	293.200582	293.2003	293.200933	0.000282647856	0	0	0	0.123079	0	0	3
14	3	0	0.262274121	293.201001	293.200612	293.2003	293.201001	0.000312568389	0	0	0	0.121163	0	0	3
15	3	0	0.281007986	293.201067	293.200643	293.2003	293.201067	0.000342900083	0	0	0	0.119901	0	0	3
16	3	0	0.299741852	293.201165	293.200675	293.2003	293.201165	0.000375533672	0	0	0	0.119201	0	0	3
17	4	0	0.318475718	293.201259	293.200709	293.2003	293.201259	0.000409870045	0	0	0	0.117648	0	0	3
18	4	0	0.337209584	293.20135	293.200745	293.2003	293.20135	0.000445428852	0	0	0	0.116024	0	0	3
19	4	0	0.355943449	293.201438	293.200782	293.2003	293.201438	0.000481894554	0	0	0	0.114356	0	0	3
20	4	0	0.374677315	293.201523	293.200819	293.2003	293.201523	0.000518969011	0	0	0	0.112733	0	0	3
21	4	0	0.393411181	293.201645	293.200858	293.2003	293.201645	0.000558324673	0	0	0	0.110129	0	0	3
22	5	0	0.412145047	293.201761	293.200899	293.2003	293.201761	0.000599374252	0	0	0	0.107677	0	0	3
23	5	0	0.430878912	293.20187	293.200941	293.2003	293.20187	0.00064158049	0	0	0	0.105191	0	0	3
24	5	0	0.449612778	293.201973	293.200984	293.2003	293.201973	0.000684560658	0	0	0	0.102797	0	0	3
25	5	0	0.468346644	293.202069	293.201028	293.2003	293.202069	0.000727963422	0	0	0	0.10033	0	0	3
26	5	0	0.48708051	293.202201	293.201073	293.2003	293.202201	0.000773096023	0	0	0	0.0967319	0	0	3
27	5	0	0.505814375	293.202318	293.201119	293.2003	293.202318	0.000819209989	0	0	0	0.0950389	0	0	3
28	6	0	0.524548241	293.202423	293.201197	293.200362	293.202423	0.000866742171	0	0	0	0.0950804	0	0	3
29	6	0	0.543282107	293.202515	293.201277	293.2004	293.202515	0.000923326233	0	0	0	0.0950378	0	0	3
30	6	0	0.562015973	293.202597	293.201359	293.200428	293.202597	0.000986263758	0	0	0	0.0950683	0	0	3
31	6	0	0.580749839	293.202701	293.201443	293.200456	293.202701	0.0010536939	0	0	0	0.0958064	0	0	3
32	6	0	0.599483704	293.202791	293.201529	293.200501	293.202791	0.00112147067	0	0	0	0.0955155	0	0	3
33	7	0	0.61821757	293.202872	293.201617	293.200555	293.202872	0.00118824036	0	0	0	0.0950702	0	0	3
34	7	0	0.636951436	293.202947	293.201706	293.200609	293.202947	0.00125432452	0	0	0	0.0946083	0	0	3
35	7	0	0.655685302	293.203018	293.201795	293.200662	293.203018	0.0013201582	0	0	0	0.094076	0	0	3
36	7	0	0.674419167	293.20311	293.201886	293.200713	293.20311	0.00138697582	0	0	0	0.0951052	0	0	3
37	7	0	0.693153033	293.203189	293.201977	293.200789	293.203189	0.00145228276	0	0	0	0.0945413	0	0	3
38	8	0	0.711886899	293.203257	293.202069	293.200862	293.203257	0.00151558147	0	0	0	0.0943692	0	0	3
39	8	0	0.730620765	293.203312	293.202159	293.200933	293.203312	0.00157711878	0	0	0	0.0940951	0	0	3
40	8	0	0.74935463	293.203358	293.202249	293.201001	293.203358	0.00163701505	0	0	0	0.0940512	0	0	3
41	8	0	0.768088496	293.203406	293.202338	293.201067	293.203406	0.00169575455	0	0	0	0.0953013	0	0	3
42	8	0	0.786822362	293.203445	293.202426	293.201165	293.203445	0.00175119193	0	0	0	0.0950714	0	0	3
43	9	0	0.805556228	293.203474	293.202512	293.201259	293.203474	0.00180240369	0	0	0	0.0947113	0	0	3
44	9	0	0.824290093	293.203496	293.202595	293.20135	293.203496	0.00184970049	0	0	0	0.0951055	0	0	3
45	9	0	0.843023959	293.203512	293.202675	293.201438	293.203512	0.0018933254	0	0	0	0.0945311	0	0	3
46	9	0	0.861757825	293.203522	293.202752	293.201523	293.203522	0.00193345487	0	0	0	0.0946572	0	0	3
47	9	0	0.880491691	293.203528	293.202826	293.201645	293.203528	0.00188250339	0	0	0	0.0944734	0	0	3
48	10	0	0.899225556	293.203531	293.202896	293.201761	293.203531	0.00176999547	0	0	0	0.0944896	0	0	3
49	10	0	0.917959422	293.203532	293.202962	293.20187	293.203532	0.00166266592	0	0	0	0.094267	0	0	3
50	10	0	0.936693288	293.203534	293.203023	293.201973	293.203534	0.0015609282	0	0	0	0.0942854	0	0	3
51	10	0	0.955427154	293.203531	293.203081	293.202069	293.203534	0.00146440297	0	0	0	0.0935684	0	0	3
52	10	0	0.974161019	293.20353	293.203135	293.202201	293.203534	0.00133262168	0	0	0	0.0937342	0	0	3
53	10	0	0.992894885	293.203528	293.203184	293.202318	293.203534	0.00121585962	0	0	0	0.0936691	0	0	3
54	11	0	1.01162875	293.203526	293.203229	293.202423	293.203534	0.00111041332	9.40029674e-05	0	0	0.0937625	0	0	3
55	11	0	1.03036262	293.203522	293.20327	293.202515	293.203534	0.0010187015	9.40029674e-05	0	0	0.0928864	0	0	3
56	11	0	1.04909648	293.203518	293.203307	293.202597	293.203534	0.000936423062	9.40029674e-05	0	0	0.0929709	0	0	3
57	11	0	1.06783035	293.203515	293.203341	293.202701	293.203534	0.000832838414	9.40029674e-05	0	0	0.092654	0	0	3
58	11	0	1.08656421	293.203512	293.203371	293.202791	293.203534	0.000742595986	9.40029674e-05	0	0	0.09275	0	0	3
59	12	0	1.10529808	293.203508	293.203398	293.202872	293.203534	0.00066176349	9.40029674e-05	0	0	0.0925462	0	0	3
60	12	0	1.12403195	293.203505	293.203421	293.202947	293.203534	0.000586722233	9.40029674e-05	0	0	0.0925791	0	0	3
61	12	0	1.14276581	293.203501	293.203441	293.203018	293.203534	0.000515870738	9.40029674e-05	0	0	0.0923623	0	0	3
62	12	0	1.16149968	293.203499	293.203459	293.20311	293.203534	0.000423892172	9.40029674e-05	0	0	0.0923378	0	0	3
63	12	0	1.18023354	293.203496	293.203474	293.203189	293.203534	0.000344208027	9.40029674e-05	0	0	0.09214	0	0	3
64	13	0	1.19896741	293.203493	293.203485	293.203257	293.203534	0.000276812587	9.40029674e-05	0	0	0.092323	0	0	3
65	13	0	1.21770127	293.20349	293.203493	293.203312	293.203534	0.000221688275	9.40029674e-05	0	0	0.0921724	0	0	3
66	13	0	1.23643514	293.203489	293.2035	293.203358	293.203534	0.000175990332	9.40029674e-05	0	0	0.0923728	0	0	3
67	13	0	1.25516901	293.203486	293.203505	293.203406	293.203534	0.000127575294	9.40029674e-05	0	0	0.0922797	0	0	3
68	13	0	1.27390287	293.203484	293.203508	293.203445	293.203534	8.8572544e-05	9.40029674e-05	0	0	0.0924421	0	0	3
69	14	0	1.29263674	293.203482	293.203509	293.203474	293.203534	5.9195694e-05	9.40029674e-05	0	0	0.0921608	0	0	3
